"truth","lm_pred","rf_pred"
21.1771818171967,20.7843213900477,20.515159287161
21.3889872850617,20.4390645076565,20.3110715531985
21.1331990323076,21.8022018058565,21.1456687992051
21.2657575272435,21.0643877654967,20.8623556069585
20.0528620473624,20.2985262995848,19.9703055990055
20.6905595874493,19.4055452826039,19.3181007415131
20.0830440503141,20.4425117926007,20.3152393244155
20.6351231645385,20.668291783673,20.6940891542033
20.8335380633301,20.4270569865641,20.5238323651905
20.8698505048536,21.1083824337158,20.4527014649697
21.5371987922827,19.9415694350952,20.052900105108
20.8153546316625,20.9142404966839,20.676449494926
21.7501450504162,21.2523509657917,21.003265780587
18.6028407688218,17.3265730043035,16.2909991692502
20.7993854462403,20.7827005337876,20.275630065011
20.688841974211,20.7084328076669,20.6214918261256
20.0285774937361,18.774159342263,18.7559599746505
20.7696410855095,20.6040837489125,20.3449505932853
20.0664780869566,20.2564275190124,20.0745299818552
19.4182798635065,18.4332637739072,18.5197260997058
19.5703065843602,17.2539918947031,17.2606477902362
21.4350344059939,19.9016734440488,19.8313656305177
20.278236833915,18.1240374343212,18.2373420256323
20.6058291950601,19.3128885135015,20.1472028513195
18.9750794180406,18.8001070153899,18.6771563586661
19.5067917479339,19.0292405782883,19.0469491573839
20.3831313593577,19.2172302516681,18.9182228298227
21.0716725003879,20.4404227765399,20.4804138219584
20.2553862856798,18.8697034241627,19.3791737395966
19.9861166750134,20.3026576785261,19.9452911199918
18.0289089629762,16.5320472354879,17.6058109807057
21.1716574995576,21.8200593880854,20.7863060850958
20.97966456913,20.6183206185955,20.5829215091831
15.6907827750733,15.3549775947832,16.5496650767329
19.1640167974569,18.1805774778071,18.2093240520402
20.4768957498323,20.0679659893017,19.519543655088
21.1204572947536,19.9664846545958,20.0613958611203
20.7482812071694,20.0036389482143,20.1183458001088
19.8173719057263,19.4505198824905,19.5338580459398
20.6806883416244,20.6245955937654,20.7739040522277
20.9982428939411,21.3905924207709,20.8565388723963
18.7537010595905,17.2355870038435,18.6464667264593
20.0362368518402,20.7730588875122,20.5915003869871
20.0283092566534,20.3698944276495,20.4590570157831
20.5686849570695,19.7052555972389,19.5334729478691
19.9938790372622,19.40758915805,19.2234414359376
19.4404374465054,18.0403783271038,17.9573863868232
20.3167454054461,19.3630147916462,18.7250748174213
20.1473347730873,19.7736664835576,19.9744878672446
19.925778031678,17.2920473442004,17.070093103516
19.3098944539688,20.0431983476915,20.1561772829678
20.1926153214966,20.1094090327865,19.9217049926042
19.902567363482,18.467786943064,18.6441955837208
20.8627244706302,19.3366565081133,19.3458758879396
20.4981043205961,20.1504594575521,19.8760156540833
20.6602703506693,20.5275922842611,20.4229895334637
18.3404519085287,17.8741299348224,17.9227409980494
19.9169994362034,19.3475126941285,19.0783693856903
21.169052854709,19.6527216756059,19.6975423690849
21.6542674514945,21.5344425324615,21.2244664292735
20.2102550495857,19.551334763496,19.3035453755731
18.6875349352641,18.6140528624214,18.9157031879488
19.4537317778293,18.9510047810035,19.0068425447867
18.3226355428044,18.0441612437632,17.6468262165055
20.407379265194,20.4711486376686,20.6258992238859
20.1623174860838,20.2145807519338,20.029994342281
19.5668126169272,18.8348556459253,18.8656528030069
20.1190453235526,19.6514628585323,19.3746461985659
20.2800887299081,20.6488626889708,20.6617124504627
18.9364633713464,17.9884255635852,19.1444097794029
20.0508120457592,20.2238658818426,20.2630468519602
20.8686406452967,19.0594546493356,19.7372198702142
19.0811079574504,18.688759211281,18.8957320590028
20.6417795773157,20.6235794311246,20.5605036107026
19.3761024413629,18.6362331484085,18.922500362953
20.0246220773007,18.6982768050389,18.6326194231896
20.6545050019076,19.7413407857205,19.9143047045745
20.0291006288554,19.1345734786009,19.351440917705
20.2768876649735,19.6317069097184,19.3263355120847
17.8208003539694,18.5991893403624,18.7055596118357
20.7673604838155,20.672423720357,20.3392106065184
20.7267217517838,20.1477813899127,20.0184875566698
20.2038451472631,19.9287328220318,19.6775927712682
18.4511072018147,16.4001928048624,17.3273999112756
19.566431383631,19.2562704783068,19.4990710364157
18.6000397054193,16.4987036638627,16.522572287969
19.5956584405698,18.2969597523022,18.5208955792327
19.6862830726997,18.8139924104105,18.6390688948995
17.8888433710096,20.4851909806266,20.2136421069661
20.6075725744565,20.3500972948086,20.4728685341856
21.2105176943035,20.6510790800061,20.6366414420076
20.3095019260236,19.3312443929785,19.7009461784734
20.6573197979347,20.1037329248144,19.6921334070749
20.8068841800114,20.1227605667508,20.1581623282615
19.7215215076178,19.2107229808312,18.7244481530758
19.929874565026,17.6523663317402,17.8660894359981
19.3701285376495,19.9275484114093,19.3149419639008
18.5949660824431,18.2467313130526,18.2564592393241
19.502500694918,19.5542099479735,19.9258720938899
19.4583514176839,19.3496277212856,19.5422529719259
19.6218122657746,19.3889456812948,19.3625283249923
21.0765891435201,19.5185184765018,19.0379255960405
20.0963649392583,19.82162709199,19.4705812279195
19.1540836871013,16.2426288805277,16.7538299698966
19.883977641652,17.7112381192038,18.3723566621915
19.0187609605096,18.4016532186397,18.5942089142693
19.3900285658195,18.7042345203247,17.9232501722807
20.3173194629637,19.449109919194,19.3745283970396
19.7907647284619,19.786307319869,19.638187801398
20.1171415690028,19.5452021999733,19.3934060277379
19.7610363966361,19.5190172555279,19.452884317936
19.4913240842664,16.9666297487579,17.7744874593183
19.5210983095535,18.7999055990158,18.6618786731621
20.6688298226482,20.747534790771,20.4726954155865
19.3367468577257,18.6933504951567,18.3535031767712
20.4014155959506,20.4392935322357,20.1430899271677
20.0172785328226,19.6769307424297,20.1386526524461
19.5550590315591,17.9034714329958,18.4502220238398
18.7718805111707,16.6474943681801,16.1966328172014
19.9732763587422,20.1372425532762,20.198310563753
19.4923844679477,18.705553469338,18.7217988493908
18.8526066997761,19.7096283155917,19.6572102509775
17.8779547834346,18.2312276664865,17.8002395129832
19.3462276163904,19.0272021221605,19.2882584245988
19.4875814008274,18.5037616245226,18.6803773571283
14.0083524700359,19.9805092040774,19.331064515349
19.0470385924407,17.1707953888211,17.2461074127958
19.975433473794,18.147678891205,18.3460924694338
19.6817841804704,17.3092177626229,17.4868763229177
18.8878121281606,19.0033555034063,19.2990767920731
20.7385045000183,20.1714822767964,20.2076187442417
19.5670107756307,19.3827163720935,19.4945379590528
19.6581152239676,19.0265723401921,19.4590445802668
19.9594451949587,18.0377909678887,17.7106034641954
20.6249845274263,19.2656373545936,19.2315757630396
20.1325024315004,19.9305310049481,20.2707564152944
20.514631858084,18.8200534722851,19.7460027957608
20.2487247172394,19.1919781140289,19.437331913526
19.9035555558076,17.7732313408806,18.0094516253167
15.7147469148928,16.1294656336239,16.0401587358407
19.4362264204232,18.2431065310114,18.7168414487423
18.7796413635069,16.6898388853239,15.8332235658283
20.4000248134836,19.3959549167777,19.7459257119818
18.7991736123884,19.3603267681076,19.1428533749067
20.6822337189147,18.3878365216655,18.5460757542057
18.2389213646453,18.0476590395957,18.3725489137624
19.508965337416,17.854065674244,17.8496647499211
20.4880146172743,20.1743548287932,20.5189696500937
19.9102836656588,19.0348162584262,18.2251456976618
20.2379248177847,19.6574971405492,19.9608755171988
18.983138217167,20.1898051707222,20.327737893759
20.0684943192735,19.9558626476616,19.7190226450702
20.0014300942711,19.258227782528,19.6680392003358
19.0920013752387,18.8146237120632,18.6370679267936
20.4602339812906,19.6378496844184,19.8561674881304
19.4883824535603,18.5262478289149,19.1631508039351
19.2337092766298,18.2804090835537,17.6337046989027
20.0827530063244,19.4780479378454,18.7470123310901
18.8027923038853,18.136093365911,18.2290444632977
19.7083633132864,19.612040766879,19.4828343755579
19.3117898984527,18.9261157234617,18.4401730684136
18.824399365467,17.2787237194262,17.5529832340406
20.275274785288,18.7570700284428,19.1196877740821
19.7699935984692,20.2778365018553,20.0907051768508
19.5033119975393,19.3402966899489,19.0186719820141
19.538387230407,19.3454716681358,18.9267881022048
19.0226526488808,19.1728077256695,19.0395159493453
18.2738223678531,18.8936861157734,18.4803801461903
19.244825599113,19.0293661141741,18.6651345877085
19.9214599736613,19.7758388171083,20.0627660725596
19.5397784105916,19.533939740771,19.5765419685711
19.8803747380583,20.0816329319333,20.0354126809871
19.8293281260956,19.5841483148268,19.3204308239108
16.4471423679164,16.313979065153,15.5634341924313
20.0922419229089,19.696028347599,20.0212376019107
19.9796106133338,19.4921044361221,19.6140694783818
18.7186823477353,19.2358026301022,19.4944884895068
19.8888724500513,18.6693127442367,19.3452165548561
16.6451507478913,19.0444559776771,19.4681884314556
17.6875189582787,17.7148574302498,17.2774537102005
19.5139939649349,15.6982004565533,16.005058522922
19.2124050197004,19.0979121852613,19.2227450349813
19.944947136337,18.1062999626044,18.943006064254
18.8115143359316,18.7230356951256,18.5591427831704
19.41966568867,20.5007510880295,20.0987982696305
19.5710365315049,20.0369180595627,19.827542579926
18.6258920661763,17.5424744023716,16.498385791176
19.9786781669065,19.9643311389012,19.8926594947509
19.2362019455227,18.8165152394115,18.7643905513139
18.9834539234874,17.0732034721334,16.5367249906356
19.7280446802541,19.9065800640937,19.6660507107441
16.8429361422642,20.5971991331539,20.3572072249227
20.3913460555103,20.6423661702954,20.3347893866222
19.3030982999004,19.2546074643896,19.5527645253187
19.1778268449504,18.0020074405243,17.6083631801715
19.984238267485,15.7151713686221,15.3058263057941
20.2698735635615,19.7743306273306,19.2600985306232
19.3099432885147,17.6696167858085,18.4096323765972
19.1599266051758,18.3237092696624,18.6470348309865
18.4872182216123,18.8611930307162,19.1590848588927
19.2737589583602,19.0967393686739,19.1287413333314
20.1689869598087,20.3103743210619,20.4290094178744
16.8584799352155,17.3048865164066,17.3896191869418
18.3212868328933,17.3663960713725,17.6532353801556
19.9097644239617,19.6148247766713,19.0444636762028
19.0190115657384,18.9230889699202,18.7846614199485
20.0000561173923,20.1710601129274,20.2834764453361
18.9889752656409,18.4526372688489,18.1387976938169
18.6023916898339,18.0901953905107,17.943734102659
20.0105649081696,18.5781508249086,19.0462705925487
18.4090013575177,17.2687242120877,17.1164046196254
19.4777196707664,19.6350802185653,18.9056850756153
19.3331291837921,18.5097495867536,18.5449863966309
18.3219485222204,19.3015583674712,18.4312770360764
19.2054822455285,17.7616655725593,18.2646226200389
20.4761770134091,18.9403536716989,19.0430920819273
20.1360223236075,19.6863363955004,19.2969519141925
19.9881765997149,19.9803876826453,19.5051676261177
19.1199878799042,17.9934091801117,17.6108161222183
18.4372648719679,18.1932207606894,18.0425164048499
19.2133498777932,19.0800822852242,18.8153190506453
20.5210119397851,19.9081384628636,19.7581674419897
19.7222341703902,18.5316309935932,18.8859906694075
19.0880680867197,19.6511710653938,20.0549770831132
19.0130487783637,18.7191342126861,18.0948303750573
20.7036524914445,19.8956940266682,19.9765895235014
19.7655787472674,17.8017253891575,18.0211297947558
19.0942428503417,19.2150801443432,19.4477448614008
19.5577620921155,18.8534442588004,18.4485739803013
18.254426564994,19.6034925201612,19.6025359042763
20.257380259078,19.1048239130078,19.2214233616445
18.6051785801689,19.4335331893163,18.7564664889662
19.6551420755276,18.4500837432674,16.9649979948844
18.8791081592478,18.1648290351257,18.0895246201919
19.8773852562427,20.3882162572828,19.6899068041091
17.6451089066926,17.259987314266,16.5241044673256
18.7642063728922,17.38091207335,18.4388507042807
18.1480772855244,18.7064527523412,18.6603972453387
18.2030886606901,16.5107403388606,17.1475007643195
18.9582752204923,18.7468831187402,18.8314568019309
19.7917612364364,18.5787825104632,18.5362836973506
18.4062739397142,17.3295793297029,16.9081504016275
18.8418942090287,16.9956804490416,16.5597563852065
17.7908450546644,18.2340150962326,18.4173339418345
17.8762715571157,17.3737007780013,17.0573994841592
19.903622109013,17.341351440094,18.468553888535
20.5026119893512,19.6429534436515,19.1723726071579
19.0557470012578,18.2323425544553,18.2338857281691
18.354624561218,16.4882063424335,16.2355046094676
18.8715850498301,17.629895891384,18.1020554716188
19.4493452457196,18.5591583587704,18.4342751984495
18.7715859300896,19.5737591986076,19.6488699214581
17.534443458046,17.9894937694535,18.0195705138457
19.0871048543716,18.7506993377649,18.6688801276732
18.79593531186,17.6098825330933,16.8781278193115
19.2981923829361,18.6417711115627,18.4197018602701
19.5114816306624,19.1420899191718,18.8916798158965
19.9604665430594,19.52148805802,19.2977724820003
18.4371735091433,19.2472064246308,19.1739368901238
19.186469598536,16.6260743530056,17.2824471722057
18.8742791911244,18.1894066691936,18.56638278412
18.9390040785799,20.0392731681929,19.3574504716456
18.7388642591054,17.4080207676161,17.8878679211495
17.7564157406455,17.3163946125098,17.3939717609006
18.2768518160792,16.7159254912016,16.8508161765597
20.2630919464032,17.499386378481,17.5396317834362
19.3264831671079,19.2391963693976,18.8232681206098
19.3218850112192,19.64549362141,19.605877188611
18.7301783301179,17.3762962509849,18.226781583968
18.3432141511214,18.142745882851,18.152463081114
17.8955465659917,17.0714093828668,15.9055495017501
16.9372304437399,16.8382657802173,16.6868771730843
19.0949364492157,17.9944194448156,18.4366104197496
20.4597891376993,19.4259164191319,20.0108548725873
18.6892546825285,17.5021755872551,17.2236147631673
19.5237361070736,19.0072429047825,18.8714594072872
16.1347632099699,15.9797227597272,15.8973841235406
19.3269469212665,18.7118482311662,18.9694608275173
18.2581473430301,16.2573729139192,16.8939283464171
18.4307604137446,17.632054010644,17.6701845800384
19.2918318536187,17.4245967613883,17.142239582664
19.6632264162176,19.1190577248459,19.3611220892547
20.2986956169367,19.2143328790496,19.2444455473222
13.1152296914803,19.8879627161363,19.8594171152289
18.0485144053677,17.845181287633,17.7791248553906
18.5029470852737,18.8406229196781,18.8110390807076
20.1922549996752,18.939166826983,19.169819972014
18.7505807721466,19.3615051236753,19.4692897977645
19.8753608417273,18.8187998226711,18.7086384565166
18.7207973063322,17.1972090302898,18.214117812522
17.1147408324376,16.1487202025565,16.1965183010244
19.5580045663129,19.5134425769579,19.3988725760574
19.1592185433626,18.8558544079991,18.8940490304088
19.243667156575,18.602567483766,18.3635205819595
19.061600699429,17.3622063638673,17.4928749842755
17.1979456631709,18.6458845637933,18.3977069393653
19.4623915802513,19.151909604017,20.1998291857403
18.5480465302517,18.1704620060424,18.8014214120668
18.229551765856,18.364177904073,18.560790572023
18.6006016438893,17.862137958023,18.0814549199858
18.8035301419586,17.0824459478581,17.2789291538204
19.6078806464172,18.7765577209242,18.4353646691673
17.3995501237265,18.884284466142,19.4259517097674
18.6154994192575,18.5787916027595,18.767264922797
19.4869667525011,18.8061615506304,18.9217126941961
20.7317124579839,20.0033124718199,20.0772706620918
19.7989323304939,18.5526909843733,18.6076870504462
19.2270915240227,19.6143569087831,19.3632786687776
18.2690975913725,18.4008588521611,17.8259787627447
18.7670623479942,19.1998082097284,18.4201317936053
17.5432870421218,16.5015468833484,16.5691153819028
20.0849564731325,19.4014725529444,19.0420607305084
18.2807678467879,19.1784413695066,18.5856602653637
18.1304958018128,17.7575062336957,17.4618450213004
19.6025703714795,18.608935018027,18.5519136005691
18.5220219024763,17.5067022721164,17.8913607270134
17.8006411872921,17.7227133063203,17.8506147348392
20.3464838050788,19.4639705250713,19.3819235152491
19.8094075993071,19.2918290132764,19.3344042894905
18.360867467164,17.0325015642995,17.7774800418353
18.8858967273563,17.9036695993704,18.0683451629982
18.6076086908348,18.2510117450146,18.1663174328391
18.5355842133314,17.7411422888408,17.9240877286497
18.886288715691,16.3175190199979,16.1393355074663
19.3862456747033,18.8697474262925,19.2297959628349
20.3092350945831,19.125472691806,19.0759028268286
14.662283849607,15.3024552803382,14.6419376009035
16.6753766660217,16.8876806687557,17.4635095267456
19.1128492015985,16.8120877736663,17.3686917459256
19.2246947115035,18.9357314839292,18.2292241623973
19.3980530781787,17.8362230909013,18.8611415276997
18.4463291158753,17.5975555107397,17.5116925528829
18.4945304347269,16.7182705841841,17.4857344972142
19.2633607473716,20.1176234476962,19.9985379132444
19.2624923088737,16.1843341416847,16.4700357222734
16.2632325897032,15.8884637798022,16.1874888697709
18.3444794082379,18.0859528363597,18.2217113854062
19.1852587260117,19.4541500398582,19.3971967966448
20.3249925217734,17.0353085913581,17.4413171277484
18.7186958973746,19.1767014950957,18.5066520868995
18.5202370705623,18.0384412901113,18.211036172114
17.6176939530889,17.8614078446027,17.9070869126029
18.4953044556334,17.7908180050549,17.788805097411
18.9662626055153,18.7770395231289,19.3352048753598
17.8819578197186,18.1815159283223,18.1880970856586
19.725555299243,19.4053838185659,19.6511649486176
19.3385294610386,17.4736522807277,17.0963626423806
17.9726022927774,18.0600323547504,18.6123317388356
17.9376736157535,16.5995083413958,15.4620256586197
18.573673715626,18.6895098450823,18.2950984675588
16.5071553832916,15.7967930743055,16.1628390918938
19.6038102568218,18.916323428415,18.6282117027951
18.9561758180754,19.2314231030459,18.827167234712
17.144248860163,17.3668094346089,16.5337716539991
19.0630102492538,18.9268291910535,18.8879244604754
16.0059707510471,16.4068241979408,15.8594488145101
19.6708033686388,18.2229112249451,17.7617555461417
13.0795972989507,15.2935532195895,14.5549540048216
19.1843556099232,19.2137507920766,19.1713871211521
18.854649960524,18.9669597618514,19.2252414083939
13.9819875055305,16.6107749224746,17.3261989643005
18.3762360874683,18.1945439833877,18.2291881777268
19.3944671972078,19.0206120599611,19.1379438385513
15.829123508926,17.2664061425194,17.1378447879852
17.3903175558184,17.999734002572,18.2584314546012
19.1280173935404,18.3006177612691,18.0899328907649
16.7762637886003,17.6856303832042,17.3347553790327
17.7407047380955,15.7292021246857,15.9700419775586
18.6640242212489,19.3033825794448,19.0756260234888
15.7330299595641,15.1994388140293,14.4513707988778
18.6060078400899,17.8168235952424,17.9859964828659
17.4259172442172,16.4245920707951,15.5050994569214
17.5304690214724,15.8623443522005,15.0716947558598
19.3851794700745,17.6917780006869,17.7359053209268
18.1128420724254,17.1417051159592,16.6516828848319
18.3467437591095,18.4214844794051,18.7477528246357
19.5269747352145,19.9384462400291,19.9617724057454
18.2855705421235,16.8506029934052,16.723724126966
19.0906616533072,17.7184129968562,17.8043036167772
17.1831563117278,16.8939532335623,16.5097718771563
18.7137951172128,17.5607693404674,17.5479031919661
17.9519543501842,17.1109770218855,17.0524765222525
16.9413250438465,15.3235509966541,15.1210836690853
18.3602062428827,18.4525063290402,18.7336951774152
19.1412461427659,19.501140929162,19.4444663178462
18.3709581361678,18.6907114719301,18.687597111702
18.7679329672179,18.5391834345908,18.7815058935286
20.0390195879999,19.3114040016916,18.9396454623132
16.7150347215398,17.1153883501681,16.8397380692416
19.3203362918983,16.9658796272002,17.06143164215
19.3218407043451,18.704288550395,18.465143555436
19.5083543980643,18.737740599975,19.1484815920416
17.2592749939556,19.1400098710103,19.0565793577812
17.5826451660794,17.6299490691271,16.9529092335179
18.141337824115,17.8703581506487,18.3971695372874
17.5713489411168,18.1625323470338,18.1454568860282
17.8020040514161,17.5087735217163,18.4310610789921
18.8286720729686,17.9177435862751,18.7212848038116
18.5286665112008,18.0113820411737,18.2083596304547
19.5346689564308,18.6233905531974,18.4099733418608
13.6418766920546,15.0663067136454,15.4244720727506
19.983552897816,19.9296030392196,19.2363642921207
20.1887265417272,19.034369533013,18.2563980037126
17.9600158276422,18.8219629885058,18.3171139373619
18.4455257802836,17.0529172820119,16.6311840315597
18.9959168490386,19.31491127125,18.9710298191736
17.3925410929957,16.6656320845604,16.9771910768686
18.6272978070435,18.1511780245629,18.044491717325
18.9371348590105,18.1816935563368,18.0040779208759
18.0920758563624,17.6989637416701,17.9652871061478
18.1443092558252,19.009691821446,19.0117743815769
19.4821720477555,18.6496767125032,18.8217595055768
17.6487231980587,17.6596452299055,18.3165093199154
17.6114132352782,18.3460247743325,18.1709802542907
12.8378442360058,15.3960716107263,14.9541033838491
18.0921827712269,16.934940592521,16.5111354500883
18.0492871304997,17.7259827235591,17.5524714412917
17.5198766009171,16.3852162622844,15.8843309145878
18.7145948650999,17.7454714665653,18.2764489564243
19.0925182756295,17.652067773978,18.1574973279041
18.6069693644859,17.9139563287218,17.9926928392301
19.7614208956123,18.8310920784613,18.6573064093397
20.2904017546501,19.0024617776434,19.4636565721972
19.6672517690547,18.977171493924,19.2924379236811
19.7703820816963,18.9839217998005,19.01589779625
19.1045847518711,17.2246227281939,17.4680680847834
14.8088468657975,17.6452506879544,16.8621259153667
17.4808070232925,16.6477370223429,17.5640739197293
17.6860417918462,18.0395412886886,17.6814706920036
15.545427949527,17.0217230825738,16.8184042122142
19.684952510403,18.6822011762556,18.9938995011379
17.8900069396333,17.2664593076393,17.7692941504475
18.2394152165277,18.2778088339241,17.8954078662236
18.1798322861432,18.5044279408188,18.6651040360328
16.889204372988,16.5220989960882,17.6783147417476
19.2301339575925,18.1050682935304,18.2420318355688
18.7604752074144,19.5829552878076,19.2557838042955
19.9946932244622,19.2337523885586,19.3474878621645
20.0526779300149,18.3291318949162,18.3552232544936
18.5958333461633,18.7029744116954,18.895374668226
19.6530493973994,17.7713425379767,18.5417138270992
18.5731575174972,18.3825735768332,18.3873595526984
18.2385899537709,18.1439878798351,18.5221669336635
16.5275148545874,17.0084778964629,16.7929661164328
17.8254017670353,17.6132722097528,18.0446192738557
19.3228717174414,17.8678799815351,17.8509640761844
19.2754773237519,19.308482127012,19.3266099866351
16.5778725956366,16.7603792638319,16.2389789765182
17.125480358163,15.5765058868846,15.3385735574124
16.8673451759995,17.2274383270877,16.784659299744
19.3455149208902,19.1064644060799,18.7600284922721
17.9508122704225,16.9811315596974,16.8313013649902
14.7694809706546,16.3930483199686,16.9469009495514
17.1119677177554,18.0076841498942,18.0024555223016
16.8415717863982,16.4605443371756,16.0392641870165
18.4581059491463,19.3171907400836,18.704871761339
15.1101566192688,16.5034569649814,15.7356856770303
18.8583823169992,19.4590543542911,18.8813996303259
14.9581569230534,18.0970556963827,18.268679486025
17.8444824667551,17.1292966091085,16.9570058597604
17.3381208654292,17.6382983261472,18.1664442407855
18.7576052973966,17.6303008392989,18.0011926978784
19.2610858144504,19.7070120793471,18.9254634614059
16.6726823670793,14.9156025676787,15.2707263794871
18.7281070010552,17.5472169308989,17.3181210960961
18.8219276901468,19.6669932850009,19.2555215880156
17.6527467450829,18.097073130208,17.9928117693882
19.5765168916478,18.9179815050362,18.5581204676764
17.8793746069658,17.9063897603888,17.9554107588281
19.8247704133994,18.7454398776543,18.5275178046218
20.1488742863129,18.792493710559,19.1728671375174
17.7398700952265,18.2489637194479,17.7179979629371
17.6303334565029,16.7496849548542,16.2348720291214
20.263157338045,18.8321597811094,19.7351867003093
17.3549172861528,15.5747033362425,16.2060377535726
20.0183812055368,19.4830272984745,19.7049211066919
19.7157831116773,17.5890803674656,18.0101756098556
17.8425871273158,16.60078970574,16.1634362470816
17.730388208301,17.234406361393,17.3150329176905
18.4552881519116,18.1989166598529,18.0550134807162
17.1129986239657,17.1079176979324,16.487012293275
17.7219131633953,18.1559838457736,18.1817593829039
15.8290220690037,16.3163164367842,16.2007466375548
18.1248510734624,17.079580511901,17.0874260694013
17.4537915491724,16.4281099800432,17.2737528614552
16.3215205417992,16.2903468321832,16.1717421196752
17.7863122854454,17.9122223159971,17.2864470862775
17.8972091972825,16.9553188171784,17.8245365282995
19.3661470037579,18.3771123431497,18.4884902650239
19.5388581881153,19.1240959540324,19.2177909996985
19.0688305087709,18.6617227380663,18.8216807328579
17.9495939312133,17.5192744198712,18.140887457138
18.6471102785065,19.5308814607342,19.2291435907773
15.5942394627511,17.147897945917,16.3191275515359
18.3825433148028,17.3885702604014,18.2133740984263
18.5519480624508,19.3069552282563,19.1103145920886
20.233340565058,20.1799495124115,19.1987407896104
18.6533561868919,17.5052249244945,17.0803701623252
18.3197243033475,17.8315008955971,17.6460465665336
17.3301471260743,17.7943423829693,18.0441392285732
18.9399713886413,17.9602527315845,18.1556101927938
19.65888319074,19.3921943661584,18.9995985193922
18.7819736435176,17.3140046715814,17.8279174299199
18.6977546004804,17.2285346469454,16.9603204975266
19.8910155304014,19.3359659879444,18.6978639203069
15.7206385852091,16.4249615731534,16.7932084395759
19.5256443514527,18.0586125292122,17.7882341937317
17.1482148096208,18.0170521450868,17.572607735538
19.8715264267388,19.2241910697501,18.7719552061872
17.5894413964263,18.6839968798574,18.0396111483571
16.4867995246412,17.3500992176343,17.4186344030472
14.8665234570803,16.720050165735,16.3417227499716
18.8715002635359,18.5750902015862,18.3423098265533
17.2488063004704,17.0395883095053,16.7792422032932
16.8699749857639,16.9788375830373,17.0591261368463
18.7394457299606,17.0172410887619,17.4082486059318
18.0563109463708,19.1160911175425,19.525973251458
17.2761359546276,18.2158996860773,18.2258269222373
19.0757116699355,19.215541298825,19.1950116230558
14.8300627560623,15.1656626470208,15.0694724725342
18.4952216859328,16.9440191821981,17.3011517913216
18.5147830773875,18.8889945102157,18.8539017582904
19.5167967171092,19.2967391654333,18.479163399684
19.1396237214602,19.5770431875591,19.5116722281322
16.2241733127983,16.7615494226258,16.5677656037913
17.7995070630175,17.8907545239562,18.3765369807681
19.6219783862885,19.3612920322621,19.7767912818279
16.7485964823483,17.8340187719519,17.5562056082958
16.4610103255406,16.4995991577039,16.1298828019615
18.6825154876238,17.9120936200371,17.9113366569248
18.0160160864824,16.9878504164804,17.1377786583685
14.2383896933073,16.2506248095914,16.3431030197508
18.0530097114866,18.3580038259637,18.6415067936888
17.5546520411729,16.5632395289407,16.4423354914451
18.3854181131719,17.4480145290683,17.820234129259
18.0055459090672,16.5864057986913,16.5124195248115
19.7457398258748,17.9157967291527,18.0918035772938
19.1997888812373,16.751727179473,16.965061526615
15.4679787333122,16.106295062558,15.2833610802634
16.7427136217275,17.0204320024658,17.1318363107574
15.943663258135,17.5052828853211,16.8077790635002
18.553468365624,17.7261083922059,17.3866104444349
17.9272274838285,17.5665967338397,17.4740965511538
17.3842828970942,17.7971738052766,18.0513993827023
19.5984624872266,19.7111718535074,19.5810012307365
18.2169715070811,17.7329303567015,17.7750946600723
19.3474427756938,16.8414688145989,16.998052974737
18.3309596927415,18.5283572243246,17.9762446439641
17.9930012473803,18.287284756043,18.3328774323939
16.8297168455061,17.7150674254279,17.4377233082319
18.5509033119276,16.9809555605102,17.2712766869847
18.9235941072869,17.7061515532107,17.6065878867323
18.9233947039853,18.8018528530504,18.9306569995578
17.3785429227707,18.1450731671432,18.2536160880616
17.3881371415274,17.4150746986294,17.0220662867892
18.3757449093859,18.3326216985831,18.1559322588396
18.2379162152744,16.2670059449474,15.4000182105999
17.46854803268,17.5960420000062,18.4758292022989
19.7773433074659,19.4823852071115,18.8208413191403
18.6265905336532,17.0910845887474,17.5851472514357
18.5931672578944,18.3969590519794,17.9477821074329
17.8790629710086,17.1000230903795,16.99663441332
18.8771054866029,17.3329373808272,17.4996245543273
19.402706963877,19.8443218115887,19.3008120775035
18.9262193944775,18.7354100631389,18.4476716865951
18.2851485596173,17.1951850842431,17.3170789522834
18.3658029182848,18.1156588914619,18.6674344220135
18.276311398655,16.9310461563816,17.2206872598767
17.0551709736716,16.4357915646536,16.1960588916266
19.7473021197714,16.3092507701193,16.1542676350211
20.6199242302764,17.6037617226201,17.3142762849025
14.8502901073039,17.1442030222061,17.4536183967046
18.5094003502406,17.979196130707,17.6003395596776
16.5365284515315,17.1409528540212,16.5891514722628
18.2142523256398,18.5530791080699,18.5363064722105
20.0578432044013,19.0919023181221,18.9860175926067
16.67193435328,16.1175333242484,15.5693584045923
18.5714996536068,16.8664826011271,17.04999651309
15.7786146658885,16.2558023621519,16.1125416286607
17.1325155287182,16.6443033688152,16.5121209311841
14.9302175566569,15.9273745773456,15.4377900613175
18.4653378945361,16.1552215561115,15.5812868592945
17.1935378641551,17.4791614591053,18.2411429207704
18.8986360123766,17.4381190706394,18.0829690616302
16.1980537007596,17.1235141159247,17.3910928152065
19.2473593171368,20.4442610802681,19.5793894020898
18.6508211974508,16.8823910848231,17.5930750271411
17.2671438603784,17.0934305059856,17.3383779964329
20.1963541869934,18.7398818884745,18.6110014393438
18.7285763308409,17.6433138033697,18.2558053386312
19.6479985500961,18.6337060224536,19.1969140363078
17.4553544190206,16.143788424148,15.3168103369672
18.7054173061744,18.4907583697948,18.1969312573504
18.4167662942274,17.2204809520772,17.6827207051185
17.5686134174224,17.8503425778276,18.4437809599607
15.3802763298789,16.565589681752,15.9670050923358
19.1619972960718,18.4438376336617,18.2063808897401
17.4771640301204,16.7046234599971,16.9144548927484
17.9742159757728,18.3387220918091,18.6096524971672
16.1498164723218,16.9021177371252,17.2611977933234
19.7829292440559,17.196302249139,17.5306190299259
18.4048853678148,18.636522886384,18.202980787016
18.444935945685,19.0052737018011,19.0110301556018
19.3727605836781,19.1857042256373,18.5987378923806
19.2494557487625,18.6488078170501,19.175518419732
17.3989698155272,19.4790600914399,19.0454001971386
15.6141425694531,16.6209374680581,15.9081786150304
18.5930409821422,18.2953983372321,18.4462227299131
16.631662836043,18.3649738377521,18.5041938380371
17.6510408836998,18.4251297334265,18.75082172404
17.7927197235714,18.9548823355104,19.0087108595636
18.2949282645077,18.4861330158602,18.215801435941
17.012647289979,18.0233910453835,18.2381729672324
17.51815327422,17.4139919528663,18.1016385147693
18.2636150140413,17.4023961898534,17.4313780192289
19.5438103490907,19.1560916642138,19.2267910264798
17.7563370860252,18.7697373807166,18.6444018599862
17.0411870307345,17.7501256775065,17.7203256543167
17.3322146633331,17.6679552550608,17.079713079789
18.583670263076,17.8361917986334,17.7413657973751
17.3467224001042,18.1808988415819,18.7032210661116
17.0389224886728,16.9851243834013,17.0692760505835
18.5998821734101,18.7986369868418,18.9772869664311
17.3444158953471,16.6296648253954,16.6763797606633
18.9539075691255,18.1463778873822,17.849339146484
15.9498154487203,16.8426222639805,16.7652279595659
18.587527721271,17.5307146776765,18.4136823009362
18.0201578443439,16.8619262009,17.0322722720755
18.868308588724,18.2264303057926,18.5770208494258
18.3385306866288,17.1008812900618,17.3376353543204
19.4039077801058,19.4351198197057,18.9207467027948
16.9804415193203,17.6846327157871,18.135812228109
15.8750203962556,16.3256853443799,16.3058831299098
19.4791675780022,17.7415861330437,18.27958009229
18.2171835771434,18.9236596689035,18.5707768191743
17.8622159900972,17.5408157703482,17.6486562200959
19.0533074951554,18.5661836572066,19.1213889854223
18.1730964373157,18.2298546136306,18.1586390198572
16.2914655348595,16.7438542737224,16.2288101701446
16.8046708662854,17.2732223275874,17.006704250241
16.985546518328,16.8625295638449,17.0125274650102
16.2744963736752,15.5994517709612,14.3030387819203
18.9464383427569,18.4623603894939,18.3997703784241
14.9836309198549,16.3266162515106,15.4328392252081
17.3941983167798,16.8012796113001,16.835355137907
19.2791949681927,17.5043712878938,17.8821356431468
18.1168435929837,17.612229985165,17.6206291479708
15.8374286984754,17.4695025520891,17.6451872194197
19.2909755030892,18.4136059360609,18.8897280657221
18.8484848418111,17.2965386901299,17.7301460271168
17.1702105082546,16.7920054941567,15.6443594111631
18.885381299025,19.1837366332546,19.6895134339677
19.1098418519726,17.5590022054497,18.0981850942296
17.8883562201244,18.4302680354991,18.5927219937541
18.3851988677597,18.2505965924923,18.6388754236092
16.6330743420631,16.8051701331266,16.7337121126046
17.8559746427652,16.7909530176965,17.1818655847343
15.7093317175989,14.6270249796247,14.568075355596
18.9468459411459,17.1410474735594,17.3315364304507
17.1424063151012,17.2377739596696,17.7464294353608
18.5442527966741,17.0690993082533,17.6018768714335
18.4519611505951,18.3387087070668,17.6256442622513
20.8510774628484,19.4735144487235,18.9190103655862
16.9651932118675,17.2296295068622,17.0868550048844
17.562112800794,16.3266733896499,16.0554080672183
15.3956414615195,16.4850679017739,15.8039421337638
19.2874375407042,16.2305655362902,16.5245279336572
18.8943210190019,18.6737007635302,18.1078110811889
16.708105079694,17.6164565497925,17.9723599857743
19.7499861228345,18.9606643907426,18.9468961244964
18.5875962294547,18.0976898481419,17.7607466863302
15.3653904429904,17.1445445667415,17.0215555504516
19.8802490964,18.1297903283611,18.3267839463128
18.4042987778949,17.8254911576398,18.2631496851841
18.263687624395,19.0367576635919,18.6165940439086
17.5388627454042,19.0661109433868,19.1460604173583
16.9409206548268,17.7238874534897,17.2893585402796
15.7569161186165,15.0967147360258,15.3257923264285
18.9446309072761,18.497445699017,18.6151922340977
18.3810931213352,17.5130053560225,18.0732585596923
17.3030472395972,16.6530260158208,15.4759207861402
17.0469477537076,17.0962247574772,17.4668573097694
19.217619710787,17.3718349208488,17.4187485369111
19.266742457935,18.5642767723321,18.0670683530941
17.0267401141497,17.2779406930443,17.3700671657546
18.9058321103772,18.9622083365834,19.3280761169453
16.2770556995899,16.4551685074253,16.5057997971369
18.8557594306876,17.8566086627844,18.1594687058616
17.0340785596812,18.8304343612815,18.7066252752737
18.0740889840603,17.5978546964338,17.9079921252885
16.8906305344385,18.3210904962233,18.0907612853153
17.0239224269455,16.4765607978574,17.0621900145302
18.2724061411923,17.045714074311,17.5706736257596
18.5927512859966,17.3649968661065,17.2808383837319
17.9119470473967,18.1466310090866,18.4583535622521
18.0743225935045,17.3206201017082,16.3827176562862
18.6289470199874,16.9846668618708,15.9481317387325
13.9005017920023,15.1999606876147,14.932142679191
18.6231069394516,18.1047001282057,17.6544996195758
19.2137058120952,19.2210487113826,18.6479701607994
18.3607157018005,16.6922997128084,16.7753715312341
18.4114360102082,17.6335662086245,17.8330557779648
17.5397230668958,17.8075259494201,17.8922423317355
17.9456442695353,19.0617676121936,19.0111462822275
18.0304798712065,18.8115155282835,18.463909810111
18.2737394823338,18.7067496929135,18.7153159575468
16.9356898909864,17.6825614662091,17.6047523104773
18.894930851639,18.3880543953186,18.8158260411533
18.8001009325574,18.040716153989,18.0588253813969
20.3272405690989,18.0659051597212,18.1700583060483
18.5340398435434,18.7302246595747,18.0931673524731
18.6417554003743,17.4361388194563,17.3423050568114
17.6352678209872,17.1119793473932,17.7417462455752
17.2692164903342,18.3765265399356,18.9302501137719
18.1819777643756,17.670195125319,18.5967195051647
17.6806606134472,18.4412970469784,18.5784606503551
12.642076805935,16.4031664846517,15.5764471428524
16.8647549957258,18.3324181198195,18.5335201348291
18.1048063338303,18.2646019145592,18.9030814995983
17.4023733943064,16.70659403573,17.7904309492967
18.8204078162818,18.0471178817734,17.8182771854874
18.6612922280258,18.8251732409097,18.4917394500444
18.0919378922723,17.0811986045664,17.0291298844484
18.0841200094505,19.9761729766669,19.6361303769138
17.8761500517458,18.8639388789659,18.7982387977429
16.9205462429288,17.7653124652218,17.7890494244347
16.7290209509136,17.4924515964062,17.8386532789241
17.8461057173138,16.604207190742,16.7969417062548
17.2422743494549,18.2981393152791,18.2029487371944
12.0788161070231,16.1296854528278,15.7673401028403
15.7253804887576,16.1910751179641,14.9354912309082
15.0371714995325,16.9082997967753,16.7545327045518
18.7673302924923,19.3271854644397,19.6691925309548
18.4720735285362,18.5687501480625,18.8297375066116
18.5556709260406,18.690159740914,18.2234511279717
17.6066840160747,17.993124469396,18.3279610388984
16.7988203115197,16.3800069271237,17.0420702684901
14.2675598101689,16.2898806716662,15.5965217472717
17.9248172598446,19.2620467184095,18.8300886569891
17.7216972238043,17.5946189470262,17.8627885974934
18.2925349212604,18.9141936063693,17.8244198480581
14.9574108536579,17.4267729321975,17.6557083157084
16.7160714316381,15.9447701164819,15.5848420832287
17.3792623194762,15.9444739878593,17.2301481532726
18.5411618679316,17.9682265023461,18.3285170545921
13.4721591002841,16.1751274174795,16.3490775299385
17.0617364236912,16.9941197131926,17.1745844600731
18.761412037494,18.7128127476434,18.7214044728431
15.9822329291314,17.75304063436,18.0472938527088
15.5861610639821,15.8079913415957,15.2738244746457
15.7806135617086,18.0677826790936,18.0730478751271
18.6111771694583,16.9781444586887,16.3247387078346
14.9049323959992,17.3016591181417,17.5601789957445
15.7001267847341,16.144902087088,16.9426772725127
17.4183625497128,17.1134543741725,17.4325466214101
20.4394976638158,20.0629865780389,19.8206318586579
18.7422115628579,16.7260503307624,16.7113607395588
17.2894142750136,16.3112447340687,16.3794819214004
18.4880110931048,18.5293217235128,18.3814214769354
18.3846320281848,17.5666607426393,18.2820038704181
18.8655489477829,18.6306896162287,18.4666304112153
16.9726754668819,17.2068731292754,16.3091557248579
18.0271918268909,14.3198817919796,14.9557590574389
18.175633659641,17.2360573951516,17.8063479308014
14.1383839754091,17.2936533775703,15.8367872904473
16.7818093894661,16.1316030957055,16.3433856380367
15.8691712214964,15.5091628264594,15.8179273756778
18.3743750588257,19.3083917798683,19.0660586463718
17.387573264312,18.9137925322727,18.2942473931596
19.3762949280578,18.1532052061917,18.3346603302383
17.348581343053,17.0722079283066,17.0156332889539
18.6029399444032,18.24520148412,17.7989981655281
17.3196161378637,19.735643067622,19.3577491523486
17.6112454834654,16.4377205563794,15.5998634832575
19.1352631192341,18.3745714562938,18.7508501511374
18.8327785666651,19.6345482246416,19.2242225396443
12.5157538674108,17.6055531095792,17.504189600893
17.7480356398397,18.39669138672,18.5255474077414
17.4141754326157,17.6528835926155,17.885196844264
17.1641669965272,16.4546606135774,16.2037913211739
18.4443755821551,17.1206943779193,16.9499357558033
15.3414414905307,15.7331173106532,15.5830229334876
20.049149850052,19.3694294250279,19.4282116625016
18.1904249993565,18.0922096256506,18.3590268226875
18.5273307504401,17.9342221405143,17.6236419181414
17.1707073239909,18.5437355253215,18.8454410706595
17.4803864174935,18.3353498094214,18.676243531254
18.3889560732214,18.5522118546663,18.3807469914277
15.5249828272208,15.9758761110225,16.1914629860197
16.8439558556134,17.599497726644,18.2557353597065
17.8082514209786,18.0825112177095,17.5479428634805
18.112853796606,18.0881512649004,18.0496189850738
18.3008837094357,15.8824904873399,17.0887810330113
18.3547150368415,18.1891012801806,18.1093363831447
18.7701212827035,14.0910405364953,16.3725779156946
15.6514420177817,15.8826109020101,15.7652365852713
17.8616603235749,18.7583659671595,18.8156619275454
15.3086673336326,16.7000499665916,16.9815222520665
16.269623053845,18.8303870042053,18.3835139675472
18.5468984527829,18.4270739624675,17.9789809719082
18.6993301187325,18.6512827454951,17.964080483896
18.0371113616846,17.4794861892014,17.7163723970998
15.0090753727581,16.788296407043,17.1301224823406
18.4450865781162,17.9616204826539,18.3813860257239
13.370105527663,15.5098505032272,14.3313039374984
18.0422807576276,18.5037656855937,18.364280839488
16.9952135388557,16.4602417854162,15.8751056499189
15.8580425391158,17.1092428506275,16.9285979543924
14.4504847028743,16.3190394381269,16.0791259876066
16.9020507319679,17.9235561083873,17.8465454154139
15.590776744391,16.7060286988637,16.8899220459478
17.1044239753165,18.1437871303184,18.1207307185813
17.5772677351554,16.9932577080279,16.6607763711024
16.8059599357243,15.4554371210087,15.5130224987623
19.6687165408929,18.6738496134252,18.8182580902337
19.2852370074651,18.961559016824,18.8000026585962
17.5101263917361,19.7153130065905,18.6579284669797
14.505714042882,15.7433080250488,16.0725365703408
16.3162055020581,17.133269422641,16.6764015750693
16.8964075847263,18.0723986222929,18.105166527106
14.4198652657928,15.770323548926,14.7824222763484
16.0336154256263,15.2217093120426,14.3152753342291
15.5957227514441,18.1347670725488,17.3010482315498
14.0383438289126,17.4284953152089,16.7888015867103
17.0619606356815,16.6025073165551,17.1581002065917
17.726331457069,17.5877507854832,17.9058980989278
14.8382665347926,16.8155750852739,16.0455158433751
18.409798263458,18.7632497505891,18.9855040954494
17.7390073912855,16.5312765976832,15.3958905341532
19.2383377369085,19.7406732086134,19.1917086581667
17.143985026366,15.5769064154234,15.4444145182408
18.2212684005327,19.1396849109229,18.9093579079763
17.5612852720051,17.5943721931263,17.5078968635999
16.1968377329651,14.5724917167105,14.1507592784041
16.5946258394964,16.3037029846838,16.0250891108047
17.7430235558067,19.1722966147228,18.685658609191
18.6978548388057,18.4318484069292,18.9174527244428
17.8819387461039,18.8438821412872,18.4889428087876
14.5939291989395,15.9774996676449,16.1145018998073
16.9076598243454,17.229208190488,18.06887129218
18.905398752107,18.0056305119368,18.4735175777724
19.7727434177719,19.3516286193768,19.149881478866
16.9062652733321,17.8715183773197,17.7582629001918
18.3447125704556,17.6335212431981,18.0706864117172
13.8227773129776,15.9382225545116,15.6400762151954
17.4431962712891,16.7997832106202,17.5004802434775
16.0955453727544,15.061093063106,15.533422464138
18.4555254948321,17.6401909752732,17.7402744839162
13.5594145943674,16.5300082740597,16.5007448762418
17.1572997839696,18.3250600590571,18.3861359784867
17.7828119030722,16.2899266701942,16.3526825094999
19.3667251057302,17.8846970017893,18.4423673625788
16.1120249744799,17.2617837299533,17.9281759861658
18.7261269669609,17.958465004108,18.5293804388109
14.0375143349408,15.5431402139003,15.6240277360853
19.3268986281523,19.3398468122143,18.8986694881665
18.4209487362082,17.7275305170429,17.9115985948834
18.5858253443737,17.7502334835927,17.9988953585825
18.0276083461953,18.5626162269236,18.5841675876078
18.3461163759833,17.0131651469711,17.306518135756
17.3483282608931,17.4284596540587,16.876626754963
16.5880992802041,18.3366225781286,18.3521683622132
18.1027245995469,16.2610984179985,16.121889244567
17.794864523504,17.135924952057,17.5248874712494
16.1149755236221,14.7715382911367,14.077831176258
16.4019474687243,16.5156108462581,15.9962882922024
16.3884303024684,16.8140953219204,17.2270231863565
15.5688272978635,17.730178104858,17.4649146545012
18.1789608070652,16.4297954922779,16.1724945217624
16.12197558428,17.4198475600983,16.5026714744985
15.5985580865903,15.4286072202627,15.3441816136057
16.4781740643234,16.8629997446155,17.7318450411218
16.8436911421143,17.8255577530969,18.1913256360451
19.6021928360475,19.3131036239121,18.9336958295694
16.4917696356413,17.1155147494044,16.505662978094
14.9866169026032,16.7581684432757,16.3341933295414
17.7625349722904,17.9273103303749,17.9074231236191
18.8174524990994,18.2094955036211,18.4203549557179
18.0103822731557,18.5368481547507,18.2208182077755
15.9284241137839,15.8923969714583,15.7662784036989
18.5286054897178,18.5055117056298,18.8482682716683
18.0668229967818,18.6144622150507,18.2952185906618
16.7824556931853,17.1379484981008,18.0430998871929
14.8726085030507,17.0509614234603,17.434909648543
16.3898213627145,16.8700990556564,17.0353649911131
19.0012373696939,18.7336706431064,18.1638991268133
17.5276442576503,16.8706445872008,17.4504150007584
18.1572259585044,18.5979427454119,18.4601720339874
17.396894510419,16.8845651444761,16.3803921574874
15.9569174636037,17.3424895164681,18.2881495458937
19.4719941314493,17.455926799764,17.5719095140223
16.8079731046861,16.1521189240421,16.3085085090198
16.8503961904005,16.4471749382819,16.6744315633724
18.2191279757801,18.1622852631064,18.4354508390389
19.0807235842727,19.6021509187281,18.8387176066307
12.9998334999053,15.7615685090339,14.5742152533495
18.2010969473421,18.6505768404482,18.9898871903214
18.5084369121592,18.3864249267872,18.4098690330653
16.2075829563608,15.5767362800097,15.4568841472245
16.1482313897626,16.6091933243946,15.4228369089943
17.7437629180294,16.2720418107399,16.2003824830267
17.0602447113759,18.105040627605,17.9103920676288
17.646701598512,17.3213640670845,17.5415335381013
17.472752927135,16.622192251716,16.2087112964807
15.7487278802212,18.0785764747163,17.9653404532213
19.4763261008599,18.6465851668713,18.7266122564451
17.4005837713463,15.3489517459086,15.5748503691917
16.2488208669589,17.3085290362706,17.4789204850591
17.8846930911539,19.0110037732734,18.1456035083835
16.4994984308507,16.6217714804831,17.1510462673338
19.100156320807,18.8536322623167,18.6789046797139
18.9159900336677,17.9807114519548,18.629910502076
16.5488992033071,16.2096090705398,16.0343104712119
17.3789807814857,19.2033280757581,19.3665598215367
18.2540850975332,18.1479207154764,18.1230569838237
12.0063994698619,15.2376168087101,15.0367415490994
16.4398824936993,17.7506331324918,17.2286989503741
17.9417131738513,18.1963625801093,18.2280140623798
18.1830590825364,18.2489569444044,17.9430626899347
18.8899713606902,19.0260779897923,19.1094769273303
14.2842515783369,16.1554115051784,15.7541533769702
19.2238494340818,17.1246705372207,16.9963234853065
15.399000992132,16.6953912792984,16.2168348098351
20.3050301082597,19.2382460255975,19.1116415242073
16.9768217881086,17.2374846286517,16.7126459518668
12.6216523923329,17.0268015386721,17.1649332820405
17.198282116782,17.3025226870829,17.3530380593749
16.9108834250975,17.7739975005964,18.0685828800763
19.4546548216656,17.9552648351674,17.8213309251347
16.8529104559355,16.7444354899184,16.9541119608592
17.4411029786662,17.979490411256,18.0607619034099
16.9593713206468,17.8080523256487,17.7731906503176
15.9853396801537,17.2587077283378,16.9707122180693
17.5354845121365,15.6143764727684,14.9750375389822
16.5180649608506,15.6996040512768,15.5600096556559
17.0739155625183,16.4347017297984,16.8826243915824
15.5921324201166,15.9878113880852,17.2505335791023
17.3513782049882,16.074253598446,16.1719658381837
17.7560945283355,18.2794776495297,18.520744370673
17.5763110622009,19.4124285384322,18.9676159150779
17.7373747435161,18.1058165790218,18.245594425922
18.0368497315697,16.6790001054369,16.6241544412924
14.9001739625532,15.4594935798067,15.256236380507
15.1188992362269,16.6942008059391,16.3904214387905
16.3404159914648,16.0131835249557,16.5291257365487
15.2706763280448,15.8963574086998,16.1468225354881
16.3173381833859,15.838155541523,15.72061613451
16.3066868207659,17.6644106925862,17.3526834154015
15.7424507631274,16.492023255395,16.6124891571207
16.1692608627545,17.0954850461829,16.7729635612276
13.5786628275367,17.0796596219975,17.5990542180785
17.2171256252204,18.1964524298998,18.1781701966557
17.675661488344,18.1491568518902,17.82744477234
17.4139888950152,16.9126643099453,15.5530426627505
17.6416878874982,18.3356055772756,18.2384294606643
16.2790252867771,13.7895860439917,14.0874584928984
12.9385995481844,16.1912858171415,15.5990181724979
15.2768748922741,18.0038302773205,17.9736394678467
12.3022129049409,14.7407661087884,14.7241159486076
16.2757954930317,17.0825001328552,16.1167019241696
17.8293727923176,18.6851737941098,18.3262793187067
15.7989635443457,16.4462311027926,15.9794156953348
16.6593997606256,17.1626850615289,17.2441664646598
17.2500859056853,16.5101921830196,15.8022710177163
16.5233577755038,17.8691435393768,18.3814691797483
17.1303333691783,18.7229555646986,18.2498057845232
17.6710126593291,17.8636374555571,18.010428212226
16.7188342528426,18.2360164840312,17.9830316519997
12.8511552108102,15.6447094645748,15.5467227312354
13.319777256085,16.6892891838283,16.3768255077922
19.1263349793338,17.5312637695315,18.0570903763722
17.7468318647573,15.7061836540616,16.3492549064336
15.9993306355202,15.0934378786745,15.6919965819248
18.2433835807636,16.4362940667153,17.3566599362988
17.0158099972595,17.8698695774557,18.011894015253
15.7659438193997,16.2970163802521,15.1128072790735
19.0509558600735,19.1124654200171,19.1506833202137
16.4835036176826,17.2673395201512,17.0876344572259
17.3441546583709,17.2541936329592,17.1020707105505
18.0677073856181,16.0160621213215,15.4783542317971
18.7886259971873,18.3073895674353,18.4442478278385
17.3555365159481,17.8886283607781,18.2129459436836
16.9945010798663,16.6068854976659,15.7423997523946
16.1842248926926,18.170294861839,18.0992469957047
18.1110428820132,18.3700328006657,18.102336236572
18.5126043232873,16.9092579690268,16.7101216631666
16.4153600522564,16.6206933666903,16.1514176153109
16.6356019448345,16.7506478587094,16.8726029241807
14.4121907783266,15.3000209739406,15.5910102185828
16.2433316224862,18.3513894964728,18.4486378172051
12.9273199868924,15.9931187338724,16.1228359411321
16.8808157137876,17.589533429897,17.5508920759541
18.2768179955129,19.0785810819649,18.7766071593089
20.1628875697556,16.4584775558807,15.8564402784252
18.6525592682683,18.1652984246911,18.1787413775322
18.0073547758926,16.766102455065,16.7044252659955
18.7304299104328,17.8981923152461,18.0183087100789
14.1637425373448,16.1760526655932,16.21759093623
17.5050074735835,17.5494227031512,17.6269633828099
18.0354962523218,18.1529608175215,17.8929248523199
12.0698341586699,17.0721856528201,18.3510396606025
17.7576219503547,18.2206858064387,18.0118272146888
17.7059022412198,16.3002235641317,16.2409678219272
13.4323696509209,15.819421156042,15.8862286936218
18.5020172838373,18.7600896446015,18.715219199318
17.8964022942745,17.3094822047479,17.4949562398739
17.5355007120782,16.6898618990892,16.0923915407416
16.9807811069281,18.3919596792413,18.9000583778285
15.4489203991804,17.1284476678799,17.4592531479883
16.7643518716332,16.7984131571568,16.9347454866216
17.260485833494,16.219216270357,16.7307863590389
18.2587148791178,17.776108754941,17.8046988970799
19.4503001611335,18.6736118161602,18.6358270539584
15.0914720007199,16.5367808343934,17.2083423916928
16.7408896662766,16.9008780937652,17.0406943390785
19.2233056630003,18.5276604902275,18.1025120774698
17.9124655785862,17.3971467931255,17.6128659966461
18.0650605445337,17.608922574541,17.4094670014898
17.5260697269716,16.3339336957476,16.6054524080415
17.6151334203472,16.8514203321361,17.5339511081347
12.5113253931111,16.1866008594911,16.18719314888
14.9631478200473,17.4233612647038,17.7791744232419
17.6430980043439,16.1450787156499,15.5218875475568
15.5346251536414,15.2162800151993,16.0931956479053
18.1884873571182,17.0862077683881,15.8428422245328
16.7659274833919,18.2196384365142,18.2463839374751
16.9948809849864,16.6210100881961,16.6476674358918
19.1580892532107,17.7082834687979,18.0491224467982
16.5975187628498,18.0125475675187,17.7577910866712
19.9994696895793,19.8699719224173,19.0161194881794
17.0963311258936,17.1664418327765,16.7809049658073
19.3393216531715,19.3544353333305,19.0413261021125
18.5638516123561,19.4286660246512,19.1979893080729
13.6183564028073,15.5187770790498,15.4011409341409
17.9154996777899,18.8026458343774,18.3776940142051
15.1685849123615,15.3972642585241,15.6129598777898
17.585894050601,16.9816677935752,17.5046496511283
17.4302758941354,17.4433550510681,17.6050873019739
17.4979174975726,18.0237265754057,18.1556208467688
17.4114607694017,17.1428538446035,17.4072489485487
18.2716451647919,18.8419321547237,18.5072044787753
18.4392341518481,17.6765885432188,17.5393149520306
17.1316977096762,18.0966716481409,18.273859446895
18.06419747432,16.8185772357745,16.819171950038
17.0805756591054,17.7246902014837,18.1510665717933
17.0836508799568,17.6185107040328,17.2812017939123
18.4611217135109,14.8096289795615,14.9616828765134
16.4360459934509,17.0670451263876,17.3527786104437
18.5765661052566,17.7641962481592,18.9316068402617
17.2453138293376,17.813156745808,17.3345241152442
17.3000360790988,16.8400979628053,16.8750896670938
17.1882445392857,16.3049227768221,16.759002965807
17.7888193614422,19.003943847415,18.4761791299504
16.3268669629626,16.7305551828728,16.6837443320947
18.9408098321467,17.4495978732138,17.1307341362681
17.435268976892,17.9914138973266,17.9889610520208
17.4988945417462,17.0464766462362,17.0709071839113
14.6208376546998,16.2634902991696,15.2104405968327
17.6843978677839,17.6449496651138,17.6754037673752
18.2949373405026,16.921145695874,16.9900692032535
16.8165163801461,17.0030242698042,17.9604729935886
15.7077016719798,16.3256140089256,17.1627951341549
18.7182601183603,17.0129063907739,16.4254859719592
15.784345889909,16.8901598913621,15.922872842266
16.8603667892546,18.201684090255,18.2509897420744
17.3531378677217,16.8138359395305,16.6408497725796
17.1733868348453,18.4203413250703,18.6689334011671
17.5002320019295,17.8147095055555,17.7421809026745
17.8195157107107,17.4301934616337,17.8749756978669
17.0728263976582,18.0355990660083,18.3234696518837
14.2942307057189,17.5527315558143,17.38190502747
13.2416941319555,14.9302566138837,14.0792483259791
12.1217397518725,15.990210897281,15.5087669651819
18.1005449266508,17.5014090355233,17.8040561278661
18.2017260356311,16.9197236918541,17.2915773092974
18.3470689266091,16.8055719976107,17.2892090024124
15.2924592873523,16.7958417251512,16.3215537867956
12.5665672782565,15.4917306675166,16.0798381798898
17.7481778909728,18.1445565792502,18.2841803320962
17.3709110359017,17.3897153838254,17.2573140533409
17.1068055759704,17.110195249965,17.1052334190151
11.0285566098774,17.6638197784592,17.422183814116
13.9161306389048,16.7993245547076,17.5562081000046
16.3693012761533,16.6650109485167,17.041475921736
16.5811651331885,16.8883616338954,16.336862677561
19.43051266382,19.4263286227231,18.4547386501179
16.5998042924082,15.6362924580746,15.9650292907471
18.260112051625,17.1242154948444,17.3991321958136
15.7361730431891,17.1878085130232,16.9272991635314
15.1788776402379,15.9811915396641,16.7629898190836
16.4485730885842,17.793330453616,17.4429085100626
16.2693462764622,17.0574237204251,16.9821574277533
16.9075631367121,17.5940206671762,18.0912128886557
14.0009002215338,16.6164320259835,17.1917459893024
17.2615271921981,18.7808220738888,18.76000145946
18.5440774409985,17.6623386061697,18.360661955157
12.2506249002482,16.4286228933319,16.0291983016306
18.0767621493734,18.6854252684796,18.6473813259071
18.3382245855529,17.9039020083121,17.9975701367052
19.1322891758548,18.3191391838114,18.1584503860512
18.6273413690516,17.6334106934269,16.9561687793265
13.2491395241877,16.4469618398302,16.7316298872399
18.2766745131969,17.621985153273,17.971341840843
17.480823018058,17.3797555770794,17.9159983387002
15.9112296971644,16.2447019042845,17.0088965556312
14.7506251197574,15.5354135040873,15.5494996245785
16.9412091579783,18.7904924192944,18.0521520078792
16.3222987407385,16.6762387542015,16.9477402548211
13.5223780477119,15.1080267644927,15.5221091084826
13.6253605438662,14.3656063580149,15.1855486288131
14.3658196654015,15.3055386716725,15.4877277756088
15.5037549633336,18.3125267546057,17.314529030814
15.8297314060124,16.74038385029,16.5497185149644
15.3494514665255,17.4400435958979,17.5268537613347
18.38425183929,18.2243190922597,17.8534774685536
16.2673400288317,18.0931882255629,18.1447669682192
16.3543487055268,14.1921279437346,15.1344908561615
18.0750941834981,18.753623158665,18.8480482390183
14.2232798066188,15.1100318929679,16.126033118243
16.6138157587087,16.9161798624735,16.8108920198825
17.1289168350093,16.1493654155045,16.2590012463022
16.332139070354,16.0787449774614,16.2081396096984
17.6848972187991,18.6699894878282,18.6779013148266
16.8275204290386,17.7990971307782,17.6125219089841
16.7838029894529,17.2380109463217,17.0076937967723
16.8597473919451,17.0533624445296,17.0347885940284
17.0364193305994,17.8612795016474,18.6030786575914
14.0269443676152,16.2346205702166,16.1042130487131
16.5467727975747,16.1724736836235,15.9909640672068
18.3984112174633,17.7972114747177,18.1086032180116
17.6357181028855,16.8322474856097,16.9509880872788
19.1300940670022,18.0328797887039,17.6802842619957
17.7414904721869,16.820538875601,16.5192395989047
17.7543678636863,17.4206226747422,18.0824680071798
11.9481419505599,16.9055241761289,16.4376961121803
13.1265132855985,16.1247648358139,15.3471120595603
17.2079959990244,16.9248062304818,16.9211957294875
18.3275035190982,16.8186020728339,16.2747673867988
17.972824776444,17.5279077818746,17.1799128904245
17.3685527839828,16.9255607559883,17.3171649209603
18.2632096258691,17.0307390011308,16.2171026380112
14.9918957978832,17.0153460240551,16.8696272728486
15.5700746937027,16.6811350765375,17.4808098637412
17.3073917408683,18.8056679616072,18.1141209244755
16.4564597246456,14.9456480028129,14.5564347658393
18.2013461517152,18.7246056711914,18.2328147431424
15.3672405534104,16.2477118898008,15.455103233521
17.8335387162974,17.2280527585912,17.3040891794378
18.1410513759727,17.153580778032,17.8594647133203
15.6608454248423,15.8579164154283,16.0433896357392
15.9871414002907,15.9794787299905,15.2491201576239
13.2053169974983,14.952639089553,14.0403065595776
18.6535839477669,18.7395548296727,18.7294039945168
14.4936437510115,15.5178505359948,14.755135255222
14.6392816476424,15.6686335462338,15.7171878372371
18.0082951929996,17.9921408042762,18.1809766163247
17.1249003903733,18.9233531684042,18.2619821296001
17.4357303777171,16.4103997352856,16.7296554349066
18.4606868632949,17.5438866902066,18.7510867356476
18.139728261847,15.5773738387409,14.7759719306781
17.1671740045042,16.1019375561111,16.9347184137523
19.1263349793338,16.1614211707718,15.9518402117416
17.7824218286978,17.9717712157513,17.482094687151
18.4044245641242,17.8540023949813,17.9971157143152
19.4665187361401,16.392900843121,17.1900877240626
20.8509476951511,17.2125696117412,18.1101367733612
15.5521164612956,19.4406380712346,19.0661601797128
17.8952563207652,17.7087704899788,17.5595693307907
11.9184381072168,16.638673670682,15.581959923317
17.7706624476713,18.4913433584324,18.3179533851387
16.2688259608827,15.3113500388808,15.6918939083206
15.5446533728447,15.9529815044274,16.3505758149922
15.699102797971,17.1273523040046,16.4061376788438
17.7231090091657,16.7043431900674,17.2231725049331
16.7428664519887,17.4501279360521,17.913907365894
11.2651987573364,13.9422016274601,15.2667654060729
18.6067128801429,17.766567597009,17.9723106556604
13.3393233060687,15.3835979019044,15.551394431936
15.0281508867997,17.4098507896856,17.5941301488844
17.6435303297443,18.4917022221027,18.6891905498109
14.7228444787135,16.1451826317965,15.8176828869324
17.9253119225459,17.4604507103754,17.4616850689204
14.8073688598708,16.084889986304,16.4264495855064
16.8565748970052,15.6270857395596,16.67576596883
14.2177645680557,17.6676405178389,17.7928918562542
13.9106466968434,15.9252574112922,16.043414327061
17.5356268493105,18.4973300021739,18.5961007295945
17.6973044477067,18.3595856964844,18.1672578527026
14.7513618892789,15.4873347938028,15.8452754611853
11.8425374629167,16.2758052279395,14.9297612657535
18.3613051257866,18.6343661588278,18.5746472943546
18.1540118882344,18.2749173124391,17.8962047323647
14.6235330738234,16.8213650786432,16.6362199656493
17.902093987927,18.2158634105178,18.0915277469493
15.1893735077467,15.5775479730019,15.8121449937989
13.1175310754559,16.9592897897367,16.9263495259505
17.5361387103928,18.059142955166,17.8627085286401
16.6836485153682,16.4067902787961,15.1689633327414
17.2470550960157,18.2058385778072,18.3037451542478
20.1620455580029,17.4341819903659,18.1124901721827
15.6623372670464,16.5582143833895,16.2282361907249
15.0229616266665,17.6693347892322,18.4249439323377
19.4367017916675,19.4752056172539,19.1438049982133
16.5510739576142,17.2791158009316,17.2753809032112
12.1146566802738,15.876933963167,15.8907061343551
17.6430365053695,17.3799669404885,17.1128228692053
17.8191069614633,16.4402548603101,16.1291672375157
15.3199661129388,16.3715570264909,16.8943291532528
17.15608331781,15.6100378546513,15.7239881302206
16.5143957511391,15.5374238054525,15.1619493983781
19.882686926808,18.7799376093838,18.6798678865434
12.6801667862471,14.9224934375398,14.66904538631
17.7049450394374,17.4289652415502,17.6550646584484
19.7443993537694,17.7475010747675,18.7650313947331
16.5678132027313,17.0463157896503,15.6916218348329
17.4476946684017,16.804597322973,16.1982681797838
17.064171742513,16.8297545996243,16.7675970083987
18.3971119975797,18.8691783179935,19.022628748737
16.1953334999509,16.5059813958363,16.1942517840248
16.3745967987625,18.2823687921457,18.4515142504071
19.9245628472996,17.2876005572119,17.7491793103577
18.2813471000703,16.4882480851712,16.3623487767855
14.732891018134,16.784222117925,15.9188065156196
15.5570670709016,16.4189948310211,15.8220500678543
16.5811437547355,17.2661137959327,17.6467264565897
17.2567554407557,18.6265124410998,18.5295111005228
17.0138273003184,16.035762808995,16.8485622889927
16.9911283335143,18.3026029516058,18.4180067827185
19.2130345745958,18.6627224313915,17.9917178511568
18.0117494278677,18.4348438549286,18.6965182082061
18.4977263199115,15.9881113708013,15.4121155707033
14.3525286688334,15.705694304791,15.2278071461891
17.0776680649446,17.9589422266586,17.9383574130142
15.2804964566659,16.3645347511011,15.0702575022253
15.6110455992344,15.7875087411932,15.6558619846399
14.7963106447347,15.5765415713407,15.9933458836222
18.1076426296835,17.6098331265088,17.7518573350626
17.8075578019694,16.0162672371074,15.6118439122054
17.1012415879494,17.6954726925733,17.8605366679204
18.3262140282683,16.9634079587254,17.4141357125259
17.443946326455,17.6625671520415,18.1051672860451
16.1127251948468,16.0712057897176,15.3032224631278
14.5603752907278,17.1644182316836,16.6283077392292
17.1934466265725,17.5338438015058,16.9744075879683
17.7276076968342,18.7081416802127,18.9706525960502
18.7557714784959,18.3651451676977,18.5333295615224
17.1630539229084,17.4914178356561,17.1483699031346
13.2283628418819,15.1500062198355,15.0047876581881
15.4433745731558,17.6908402223752,16.9960454667135
15.6081754413762,16.7293789673165,16.3567397884906
15.5019134328648,16.0181490137626,15.9172608016804
14.7240362516646,15.348575885419,16.2558969535385
14.8200087489821,16.5740760762305,16.5171775043248
18.0240877125212,17.4087452993853,17.2648530291624
14.5325947549448,17.4780294353856,17.4767427110017
17.1640191350413,16.2516598438805,16.716485670004
11.2098933099644,16.7074363507561,17.0678417590104
12.9370097631286,15.2544984778284,15.5949124011279
17.3382979284512,15.9433849125133,16.4115434777149
18.8589729252416,18.0630972061242,18.139122493131
16.5741098683535,15.8088579182687,15.4285260305055
15.3110116209691,15.5179006572041,15.9008560820771
16.8261443058311,15.9903918578121,16.5230021283917
16.1075028732383,16.6545094896063,16.195740253204
15.7994226847369,16.9359937340669,16.4302743230148
16.7027290171646,18.02496697192,17.7016490980761
14.3673512940441,15.807374321964,15.2341395613048
14.7259803560021,15.1218006251316,15.9943299217269
15.0185140447274,14.4907717111028,14.5890757729885
15.7982033952388,16.3898992834278,15.9967622271696
15.709059818961,17.7423720820135,16.6694655535379
17.041208420551,19.0403498236259,19.6573206851269
12.1246985239338,16.1200593178952,15.4908669386781
17.6035640298785,17.4667505047027,18.1657574786961
18.8729620985622,19.6498509923473,19.2043953292085
15.0842930312962,16.3058190224563,16.926997541177
17.5491259059196,14.8688943522733,15.0102145184319
17.6561729692677,17.4129319266487,17.5416759541431
13.95054327718,16.7797114376488,16.3634924533586
17.8650220310589,18.9050059202446,18.0053072170566
16.6920799100011,18.307931627884,17.6070661602105
18.5871307945912,19.0844163763531,18.620120153929
15.0409261488448,16.050008492715,16.067166584761
18.8208146932376,18.9682859467215,18.7872675313554
14.7466386668818,15.126819834393,15.5906724241629
16.7684228343353,19.1317355843762,18.2954415195046
14.0036918377574,15.8654585548777,15.6402205243299
17.6343563385382,16.8926810448826,17.2094014533191
14.8177067524787,15.622056696694,15.3026299023404
15.9899059749983,17.2666613124892,16.9878746101827
16.6652154946693,15.0948484045776,14.9762233431811
16.0609409045111,15.355423905917,16.3787849243202
16.9244900090811,17.1943098573419,17.9015289136949
17.0422152214422,16.0846801694939,16.5067175286689
16.1678558778478,15.4482973956368,15.6113476472456
15.2851865280232,16.3834596454056,16.8591113848962
13.9726686722303,15.6688557657012,15.7363535983987
16.9183728659165,17.4310411295419,18.1496051002729
15.4795366606828,18.7912876056574,18.6617371435424
17.2066963042122,18.104526958789,18.0770970166949
14.4687861183427,15.0193860505666,14.8790043919458
17.2908392410621,16.9790229388381,17.4159176153199
14.6186740149672,17.4736001910202,17.1901447437229
15.7682929731644,15.997246461162,16.194144253673
17.5935163042334,17.7053069735915,17.8070373386353
12.7743723997214,15.4192498747093,14.0202146965805
14.1481281390605,15.5478045017017,15.5993126574074
12.7971835705842,16.6338365495156,16.7378694513232
16.1591744272705,15.6637704976337,15.526788912871
15.1832439345927,17.4236601381866,17.1420989681063
17.2276379913208,15.5820742282365,15.6511265620016
12.7714864595806,17.6593633779413,16.8413068836664
14.5114042582046,15.5810749473568,15.2257182607558
15.0738497232681,16.0951755835889,16.4796231694969
17.1438103787289,17.5084857774379,17.3901285717293
13.3232060239157,14.8118665212733,14.4447392543696
17.2994228656206,15.5464563445427,15.175006475881
17.3321399745159,17.5704803669486,17.7804763096411
18.5227574117966,15.5501497493372,15.8228310242764
16.194365797101,15.3690132401957,14.9598376382818
16.3114378776975,15.9209978312428,15.7826629036263
18.0392033103299,15.614837269388,16.0050651082347
12.9824405770218,15.2145216765507,14.8228009553384
16.6132446088913,16.2859565547333,16.3904718648106
11.8777014452612,14.911709720987,15.2471473993986
16.7437216306428,18.3000610513242,18.2057773069596
15.7756376701203,16.0561405013438,15.6712066860681
16.0694634505965,17.0587409469023,17.4397579647048
17.5338340146095,18.7506305697835,18.5306502979517
14.6897151545466,18.4032165645518,18.1021710831963
16.9348085878932,18.3694136181922,18.3303805618687
17.5128326875505,18.2042877944698,17.4973948892142
11.9453631515254,18.0528400357655,17.7460404916872
16.2140220662007,16.8325420929566,16.5015521039807
17.7123588450277,16.7827285159452,16.4771676646443
17.2024519410598,17.1843470490729,17.555211135115
16.5009456808086,15.4921627335575,16.1603964032119
15.7398546104476,14.2248735707828,14.9085939951207
18.4724719262543,17.6679635422405,17.9516849107969
15.1128042334857,16.3639575293153,15.4457148895994
15.3284971984702,16.340981038391,16.4157727702665
16.9885768468012,17.2853355426566,17.3018237393663
15.4075280130412,17.3854608537826,17.2531880416585
14.7510995912033,15.0999862833681,15.4145857221058
15.6213260675835,15.826994161659,14.8365032068689
18.1107201330615,17.8907051342432,17.9101358279446
18.3345871277688,17.3844833489754,16.9015469820994
17.1315381021993,16.8012503229951,15.9110167704581
13.9060555477839,15.2813082505038,15.1249549975105
14.5062098604253,18.1708359872537,17.8754705928609
18.6732714965929,20.2386315679986,19.2755309760804
12.8710489491234,14.8681108358814,14.2947375899615
18.455743446957,17.4086144702543,17.6607240177751
19.2521325958895,15.2167712746501,15.7692223651614
17.2653731116077,17.9822586023588,17.951010268861
14.2914854120245,16.4022127216088,17.0629117900261
13.7661979094976,16.2664783406448,14.9053029584698
18.3905540385489,17.1119850147551,17.2041091408897
15.679302493955,17.5420139683609,18.3191893964815
13.2817396347465,16.5610331965958,16.1041694921413
13.8964324977568,16.6873578969562,16.5209904245506
18.7301457766702,18.6763570049306,18.3983753743596
13.8840671096659,15.9596634621148,16.3787461308022
14.5721594952532,16.7385458241342,16.6884354234079
17.7987045538319,16.6399652969333,16.2048928594103
17.2030247524236,16.5315842608411,16.6189852633964
18.1930428030503,17.5206560686646,17.2726827763302
12.387464548722,16.4857273752515,15.9966241835313
14.9707350846161,15.1497923698542,14.5796458771289
15.697046832346,17.0848709140528,17.5761060113936
12.5436520691689,15.9544795001013,15.9544468910338
13.2938978102003,16.0825019723943,15.04712819908
16.0556226012033,17.3781673036488,17.4059692927058
14.8388994253948,13.8881653082416,15.3379829159231
17.1109010950168,16.9615550575551,17.8163042216053
11.3068570053909,16.320028023536,15.2341505011159
16.9879380583327,16.606715116409,16.3136581836258
16.2039849728811,17.8597824709407,18.1137533149236
17.6978190493499,16.3095836290943,16.5297290027546
11.9331639345862,15.4824349212782,14.7157464365832
18.3628213992451,18.8440486323649,18.8247300508587
16.6714808891431,16.0997794039233,15.8712458802774
12.7742167570921,15.4443723553008,14.6550730679739
14.3188905686889,15.4455002515358,15.5535331555218
17.3898439649913,17.580940669406,17.8622156394465
14.3908740893707,15.196573732492,15.6156416836013
18.3600561221359,17.9336765982886,17.9747865664895
14.9182577830702,15.0630732559833,15.5759620938008
16.8442443062886,18.673732491556,17.8602816195828
13.0155967891626,14.4311920745428,14.1567144186294
14.9253270846943,16.3565273216217,17.3304523992065
